ccsd_t1.F
1243
1432
2143 2143
2431
3124 3124 3124
3142
3214 3214 3214 3214 3214 3214 3214
3241 3241
3421 3421
4231
4123 4123
4132
4213 4213 4213 4213
4321 4321 4321 4321

ccsd_t2.F
1243 1243
1432 1432
2143 2143 2143 2143 2143 2143 2143 2143 2143
2413 2413 2413
2431 2431 2431 2431
3124 3124 3124 3124 3124 3124 3124 3124 3124
3142 3142 3142
3214 3214 3214 3214 3214 3214 3214 3214 3214 3214 3214 3214 3214 3214 3214 3214 3214 3214 3214 3214 3214 3214 3214
3241 3241 3241 3241 3241 3241 3241 3241 3241 3241 3241 3241 3241 3241 3241
3421 3421 3421 4123
4123 4123 4123 4123 4132
4132 4132 4132 4132 4213
4213 4213 4213 4213 4213 4213 4213 4213 4213 4213 4213 4213 4213
4231 4231 4231 4231 4231 4231 4231 4231
4312 4312 4312 4312 4312 4312 4312 4312 4312
4321 4321 4321 4321 4321 4321 4321 4321 4321 4321 4321 4321 4321 4321 4321 4321 4321 4321 4321 4321 4321 4321 4321 4321 4321 4321 4321 4321 4321 4321 4321
